[gd_resource type="Skin" format=3 uid="uid://rfc1qaa7s41r"]

[resource]
resource_name = "Skin"
bind_count = 37
bind/0/name = &""
bind/0/bone = -1
bind/0/pose = Transform3D(1, 0, 0, 0, 1, 0, 0, 0, 1, 0, 0, 0)
bind/1/name = &""
bind/1/bone = -1
bind/1/pose = Transform3D(1, 0, 0, 0, 1, 0, 0, 0, 1, 0, 0, 0)
bind/2/name = &""
bind/2/bone = -1
bind/2/pose = Transform3D(1, 0, 0, 0, 1, 0, 0, 0, 1, 0, 0, 0)
bind/3/name = &""
bind/3/bone = -1
bind/3/pose = Transform3D(1, 0, 0, 0, 1, 0, 0, 0, 1, 0, 0, 0)
bind/4/name = &""
bind/4/bone = -1
bind/4/pose = Transform3D(1, 0, 0, 0, 1, 0, 0, 0, 1, 0, 0, 0)
bind/5/name = &""
bind/5/bone = -1
bind/5/pose = Transform3D(1, 0, 0, 0, 1, 0, 0, 0, 1, 0, 0, 0)
bind/6/name = &""
bind/6/bone = -1
bind/6/pose = Transform3D(1, 0, 0, 0, 1, 0, 0, 0, 1, 0, 0, 0)
bind/7/name = &""
bind/7/bone = -1
bind/7/pose = Transform3D(1, 0, 0, 0, 1, 0, 0, 0, 1, 0, 0, 0)
bind/8/name = &""
bind/8/bone = -1
bind/8/pose = Transform3D(1, 0, 0, 0, 1, 0, 0, 0, 1, 0, 0, 0)
bind/9/name = &""
bind/9/bone = -1
bind/9/pose = Transform3D(1, 0, 0, 0, 1, 0, 0, 0, 1, 0, 0, 0)
bind/10/name = &""
bind/10/bone = -1
bind/10/pose = Transform3D(1, 0, 0, 0, 1, 0, 0, 0, 1, 0, 0, 0)
bind/11/name = &""
bind/11/bone = -1
bind/11/pose = Transform3D(1, 0, 0, 0, 1, 0, 0, 0, 1, 0, 0, 0)
bind/12/name = &""
bind/12/bone = -1
bind/12/pose = Transform3D(1, 0, 0, 0, 1, 0, 0, 0, 1, 0, 0, 0)
bind/13/name = &""
bind/13/bone = -1
bind/13/pose = Transform3D(1, 0, 0, 0, 1, 0, 0, 0, 1, 0, 0, 0)
bind/14/name = &""
bind/14/bone = -1
bind/14/pose = Transform3D(1, 0, 0, 0, 1, 0, 0, 0, 1, 0, 0, 0)
bind/15/name = &""
bind/15/bone = -1
bind/15/pose = Transform3D(1, 0, 0, 0, 1, 0, 0, 0, 1, 0, 0, 0)
bind/16/name = &""
bind/16/bone = -1
bind/16/pose = Transform3D(1, 0, 0, 0, 1, 0, 0, 0, 1, 0, 0, 0)
bind/17/name = &""
bind/17/bone = -1
bind/17/pose = Transform3D(1, 0, 0, 0, 1, 0, 0, 0, 1, 0, 0, 0)
bind/18/name = &""
bind/18/bone = -1
bind/18/pose = Transform3D(1, 0, 0, 0, 1, 0, 0, 0, 1, 0, 0, 0)
bind/19/name = &""
bind/19/bone = -1
bind/19/pose = Transform3D(1, 0, 0, 0, 1, 0, 0, 0, 1, 0, 0, 0)
bind/20/name = &""
bind/20/bone = -1
bind/20/pose = Transform3D(1, 0, 0, 0, 1, 0, 0, 0, 1, 0, 0, 0)
bind/21/name = &""
bind/21/bone = -1
bind/21/pose = Transform3D(1, 0, 0, 0, 1, 0, 0, 0, 1, 0, 0, 0)
bind/22/name = &""
bind/22/bone = -1
bind/22/pose = Transform3D(1, 0, 0, 0, 1, 0, 0, 0, 1, 0, 0, 0)
bind/23/name = &""
bind/23/bone = -1
bind/23/pose = Transform3D(1, 0, 0, 0, 1, 0, 0, 0, 1, 0, 0, 0)
bind/24/name = &""
bind/24/bone = -1
bind/24/pose = Transform3D(1, 0, 0, 0, 1, 0, 0, 0, 1, 0, 0, 0)
bind/25/name = &""
bind/25/bone = -1
bind/25/pose = Transform3D(1, 0, 0, 0, 1, 0, 0, 0, 1, 0, 0, 0)
bind/26/name = &""
bind/26/bone = -1
bind/26/pose = Transform3D(1, 0, 0, 0, 1, 0, 0, 0, 1, 0, 0, 0)
bind/27/name = &""
bind/27/bone = -1
bind/27/pose = Transform3D(1, 0, 0, 0, 1, 0, 0, 0, 1, 0, 0, 0)
bind/28/name = &""
bind/28/bone = -1
bind/28/pose = Transform3D(1, 0, 0, 0, 1, 0, 0, 0, 1, 0, 0, 0)
bind/29/name = &""
bind/29/bone = -1
bind/29/pose = Transform3D(1, 0, 0, 0, 1, 0, 0, 0, 1, 0, 0, 0)
bind/30/name = &""
bind/30/bone = -1
bind/30/pose = Transform3D(1, 0, 0, 0, 1, 0, 0, 0, 1, 0, 0, 0)
bind/31/name = &""
bind/31/bone = -1
bind/31/pose = Transform3D(1, 0, 0, 0, 1, 0, 0, 0, 1, 0, 0, 0)
bind/32/name = &""
bind/32/bone = -1
bind/32/pose = Transform3D(1, 0, 0, 0, 1, 0, 0, 0, 1, 0, 0, 0)
bind/33/name = &""
bind/33/bone = -1
bind/33/pose = Transform3D(1, 0, 0, 0, 1, 0, 0, 0, 1, 0, 0, 0)
bind/34/name = &""
bind/34/bone = -1
bind/34/pose = Transform3D(1, 0, 0, 0, 1, 0, 0, 0, 1, 0, 0, 0)
bind/35/name = &""
bind/35/bone = -1
bind/35/pose = Transform3D(1, 0, 0, 0, 1, 0, 0, 0, 1, 0, 0, 0)
bind/36/name = &""
bind/36/bone = -1
bind/36/pose = Transform3D(1, 0, 0, 0, 1, 0, 0, 0, 1, 0, 0, 0)
metadata/humanoid_rotation_delta = {
"LeftFoot": Transform3D(-1, -8.4703295e-22, 5.7701103e-22, 5.770111e-22, 7.1054274e-15, -1, 0, -1, -7.1054274e-15, 0, 7.275958e-12, -2.9802322e-08),
"LeftHand": Transform3D(-0.9957017, 2.9802322e-07, 0.09261402, 5.9604645e-08, 0.99999976, -1.9986182e-06, -0.09261402, -2.049841e-06, -0.99570185, -1.4901161e-08, 0, 0),
"LeftLowerArm": Transform3D(-0.09261489, -1.9585714e-06, -0.9957021, 2.9802322e-08, 1, -1.905486e-06, 0.9957019, -1.1920929e-07, -0.09261488, 0, 0, 1.4901161e-08),
"LeftShoulder": Transform3D(0.9838203, -3.874302e-07, -0.17915742, 3.5762787e-07, 1, -7.450581e-09, 0.17915748, -3.7252903e-09, 0.9838205, 0, 0, 0),
"LeftUpperArm": Transform3D(-0.99974525, -6.556511e-07, -0.022566594, -5.662441e-07, 1, -1.9930303e-07, 0.02256658, -2.644956e-07, -0.9997453, 0, 0, 0),
"LeftUpperLeg": Transform3D(-1, -8.4703295e-22, 1.509958e-07, 0, 1, 7.1054274e-15, -1.509958e-07, 7.1054274e-15, -1, 0, 2.9802322e-08, 7.275958e-12),
"Lower Leg L ": Transform3D(-1, -8.4703295e-22, 5.7701103e-22, 0, 1, 7.1054274e-15, 5.770111e-22, 7.1054274e-15, -1, 0, 2.9802322e-08, 7.275958e-12),
"RightFoot": Transform3D(-1, -8.4703295e-22, 5.7701103e-22, 5.770111e-22, 7.1054274e-15, -1, 0, -1, -7.1054274e-15, 0, 7.275958e-12, -2.9802322e-08),
"RightHand": Transform3D(-0.9957017, -2.9802322e-07, -0.09261402, -5.9604645e-08, 0.99999976, -1.9986182e-06, 0.09261402, -2.049841e-06, -0.99570185, 1.4901161e-08, 0, 0),
"RightLowerArm": Transform3D(-0.09261489, 1.9585714e-06, 0.9957021, -2.9802322e-08, 1, -1.905486e-06, -0.9957019, -1.1920929e-07, -0.09261488, 0, 0, 1.4901161e-08),
"RightShoulder": Transform3D(0.9838203, 3.874302e-07, 0.17915742, -3.5762787e-07, 1, -7.450581e-09, -0.17915748, -3.7252903e-09, 0.9838205, 0, 0, 0),
"RightUpperArm": Transform3D(-0.99974525, 6.556511e-07, 0.022566594, 5.662441e-07, 1, -1.9930303e-07, -0.02256658, -2.644956e-07, -0.9997453, 0, 0, 0),
"RightUpperLeg": Transform3D(-1, -8.4703295e-22, 1.509958e-07, 0, 1, 7.1054274e-15, -1.509958e-07, 7.1054274e-15, -1, 0, 2.9802322e-08, 7.275958e-12),
"Root": Transform3D(1, 0, 0, 0, -1.1920929e-07, 0.99999994, 0, -0.99999994, -1.1920929e-07, 0, 0, 0)
}
