[gd_resource type="Skin" format=3 uid="uid://rfc1qaa7s41r"]

[resource]
resource_name = "Skin"
bind_count = 37
bind/0/name = &"Hips"
bind/0/bone = -1
bind/0/pose = Transform3D(1, 0, 0, 0, -1.6292066e-07, 0.9999999, 0, -0.9999999, -1.6292066e-07, -0.0009289819, -0.25604558, 9.5199226e-05)
bind/1/name = &"Spine"
bind/1/bone = -1
bind/1/pose = Transform3D(1, 0, 0, 0, -1.6292066e-07, 0.9999999, 0, -0.9999999, -1.6292066e-07, -0.0009289819, -0.40509468, 9.5199226e-05)
bind/2/name = &"Chest"
bind/2/bone = -1
bind/2/pose = Transform3D(1, 0, 0, 0, -1.6292066e-07, 0.9999999, 0, -0.9999999, -1.6292066e-07, -0.0009289819, -0.4675476, 9.5199226e-05)
bind/3/name = &"Neck"
bind/3/bone = -1
bind/3/pose = Transform3D(1, 0, 0, 0, -1.6292066e-07, 0.9999999, 0, -0.9999999, -1.6292066e-07, -0.0009289819, -0.5805669, 9.5199226e-05)
bind/4/name = &"Head"
bind/4/bone = -1
bind/4/pose = Transform3D(1, 0, 0, 0, -1.6292066e-07, 0.9999999, 0, -0.9999999, -1.6292066e-07, -0.0009289819, -0.6376997, 9.5199226e-05)
bind/5/name = &"Donut anthena"
bind/5/bone = -1
bind/5/pose = Transform3D(0.9456783, -0.20841469, -0.24951118, 0.20841472, -0.20038022, 0.95729357, -0.24951114, -0.9572936, -0.14605854, 0.24283697, -0.95542675, 0.1472201)
bind/6/name = &"Donut anthena.001"
bind/6/bone = -1
bind/6/pose = Transform3D(0.98715895, -0.10462267, -0.12071112, 0.10462275, -0.14758009, 0.983501, -0.12071112, -0.9835013, -0.13473915, 0.10699886, -1.0451659, 0.13236172)
bind/7/name = &"Donut anthena.002"
bind/7/bone = -1
bind/7/pose = Transform3D(0.95951605, 0.18729506, 0.21035497, -0.18729505, -0.13349442, 0.9731906, 0.2103549, -0.97319067, -0.093010694, -0.25420538, -1.0797224, 0.07781326)
bind/8/name = &"Left Whiskers"
bind/8/bone = -1
bind/8/pose = Transform3D(0.0057447287, -0.9971237, -0.07557382, 0.99712366, 3.0082083e-07, 0.07579174, -0.07557373, -0.07579184, 0.99425554, -0.109464236, -0.46457544, -0.7063848)
bind/9/name = &"Left Whiskers.001"
bind/9/bone = -1
bind/9/pose = Transform3D(0.00378161, -0.99810755, -0.06137856, 0.9981077, -4.337417e-08, 0.061494786, -0.061378412, -0.06149495, 0.99621844, -0.11909335, -0.54215044, -0.71257037)
bind/10/name = &"Right Whiskers"
bind/10/bone = -1
bind/10/pose = Transform3D(0.0057447287, 0.9971237, 0.07557382, -0.99712366, 3.0082083e-07, 0.07579174, 0.07557373, -0.07579184, 0.99425554, 0.109464236, -0.46457544, -0.7063848)
bind/11/name = &"Right Whiskers.001"
bind/11/bone = -1
bind/11/pose = Transform3D(0.00378161, 0.99810755, 0.06137856, -0.9981077, -4.337417e-08, 0.061494786, 0.061378412, -0.06149495, 0.99621844, 0.11909335, -0.54215044, -0.71257037)
bind/12/name = &"L ear.001"
bind/12/bone = -1
bind/12/pose = Transform3D(0.89365274, -0.32610935, -0.30828166, 0.32610932, -1.6810067e-07, 0.94533205, -0.30828157, -0.94533205, 0.10634713, 0.056931775, -0.96651137, -0.019538967)
bind/13/name = &"L ear"
bind/13/bone = -1
bind/13/pose = Transform3D(0.93926126, -0.24645172, -0.23885004, 0.2464519, -1.3088994e-07, 0.969155, -0.23885004, -0.969155, 0.06073839, -0.021550173, -0.9928182, 0.0055782674)
bind/14/name = &"L ear end"
bind/14/bone = -1
bind/14/pose = Transform3D(0.93926114, -0.24645175, -0.23885001, 0.24645188, -1.4970247e-07, 0.9691548, -0.23884998, -0.9691548, 0.060738362, -0.021550173, -1.1062957, 0.005578268)
bind/15/name = &"R ear.001"
bind/15/bone = -1
bind/15/pose = Transform3D(0.89365274, 0.32610935, 0.30828166, -0.32610932, -1.6810067e-07, 0.94533205, 0.30828157, -0.94533205, 0.10634713, -0.056931775, -0.96651137, -0.019538967)
bind/16/name = &"R ear"
bind/16/bone = -1
bind/16/pose = Transform3D(0.93926126, 0.24645172, 0.23885004, -0.2464519, -1.3088994e-07, 0.969155, 0.23885004, -0.969155, 0.06073839, 0.021550173, -0.9928182, 0.0055782674)
bind/17/name = &"R ear end"
bind/17/bone = -1
bind/17/pose = Transform3D(0.93926114, 0.24645175, 0.23885001, -0.24645188, -1.4970247e-07, 0.9691548, 0.23884998, -0.9691548, 0.060738362, 0.021550173, -1.1062957, 0.005578268)
bind/18/name = &"LeftShoulder"
bind/18/bone = -1
bind/18/pose = Transform3D(-0.8278688, -0.5604919, 0.021944195, 0.5593965, -0.8278689, -0.041334953, 0.041334808, -0.021944389, 0.9989041, 0.11650411, -0.39281288, -0.52424866)
bind/19/name = &"LeftUpperArm"
bind/19/bone = -1
bind/19/pose = Transform3D(0.8528458, 0.5216823, -0.022389228, 0.52210766, -0.8525941, 0.022064174, -0.0075783785, -0.03050697, -0.99950564, -0.1381488, -0.48157394, 0.49499568)
bind/20/name = &"LeftLowerArm"
bind/20/bone = -1
bind/20/pose = Transform3D(-0.03631351, 0.016108166, -0.9992103, 0.5269668, -0.8492509, -0.03284188, -0.8491096, -0.527743, 0.022350825, 0.5253036, -0.53975785, 0.13420807)
bind/21/name = &"LeftHand"
bind/21/bone = -1
bind/21/pose = Transform3D(0.8491096, 0.5277431, -0.02235084, 0.52696687, -0.849251, -0.03284188, -0.036313497, 0.016108166, -0.9992101, -0.13420807, -0.59288144, 0.52530354)
bind/22/name = &"RightShoulder"
bind/22/bone = -1
bind/22/pose = Transform3D(-0.8278688, 0.5604919, -0.021944195, -0.5593965, -0.8278689, -0.041334953, -0.041334808, -0.021944389, 0.9989041, -0.11650411, -0.39281288, -0.52424866)
bind/23/name = &"RightUpperArm"
bind/23/bone = -1
bind/23/pose = Transform3D(0.8528458, -0.5216823, 0.022389228, -0.52210766, -0.8525941, 0.022064174, 0.0075783785, -0.03050697, -0.99950564, 0.1381488, -0.48157394, 0.49499568)
bind/24/name = &"RightLowerArm"
bind/24/bone = -1
bind/24/pose = Transform3D(-0.03631351, -0.016108166, 0.9992103, -0.5269668, -0.8492509, -0.03284188, 0.8491096, -0.527743, 0.022350825, -0.5253036, -0.53975785, 0.13420807)
bind/25/name = &"RightHand"
bind/25/bone = -1
bind/25/pose = Transform3D(0.8491096, -0.5277431, 0.02235084, -0.52696687, -0.849251, -0.03284188, 0.036313497, 0.016108166, -0.9992101, 0.13420807, -0.59288144, 0.52530354)
bind/26/name = &"LeftUpperLeg"
bind/26/bone = -1
bind/26/pose = Transform3D(-1, 1.4210855e-14, 1.6940659e-21, 0, 1.6292066e-07, -0.9999999, -1.4210855e-14, -0.9999999, -1.6292066e-07, 0.44553465, 0.1816968, 9.5199226e-05)
bind/27/name = &"Lower Leg L "
bind/27/bone = -1
bind/27/pose = Transform3D(-1, 0, 0, 0, 1.6292066e-07, -0.9999999, 0, -0.9999999, -1.6292066e-07, 0.44553465, 0.0017727909, 9.5199226e-05)
bind/28/name = &"LeftFoot"
bind/28/bone = -1
bind/28/pose = Transform3D(-1, 0, 0, 0, -0.9999999, -1.6292066e-07, 0, -1.6292066e-07, 0.9999999, 0.44553465, 9.5199226e-05, 0.14568593)
bind/29/name = &"RightUpperLeg"
bind/29/bone = -1
bind/29/pose = Transform3D(-1, 1.4210855e-14, 1.6940659e-21, 0, 1.6292066e-07, -0.9999999, -1.4210855e-14, -0.9999999, -1.6292066e-07, -0.44553465, 0.1816968, 9.5199226e-05)
bind/30/name = &"RightLowerLeg"
bind/30/bone = -1
bind/30/pose = Transform3D(1, 0, 0, 0, 1.6292066e-07, -0.9999999, 0, 0.9999999, 1.6292066e-07, 0.44553465, 0.0017727909, -9.5199226e-05)
bind/31/name = &"RightFoot"
bind/31/bone = -1
bind/31/pose = Transform3D(-1, 0, 0, 0, -0.9999999, -1.6292066e-07, 0, -1.6292066e-07, 0.9999999, -0.44553465, 9.5199226e-05, 0.14568593)
bind/32/name = &"Tail"
bind/32/bone = -1
bind/32/pose = Transform3D(1, 0, 0, 0, 0.99409395, -0.10852285, 0, 0.108522825, 0.99409395, -0.0009289819, -0.276279, -0.2458438)
bind/33/name = &"Tail 1"
bind/33/bone = -1
bind/33/pose = Transform3D(1, 0, 0, 0, 0.9896222, 0.14369227, 0, -0.1436923, 0.98962224, -0.000928982, -0.4049209, -0.14926529)
bind/34/name = &"Tail 2"
bind/34/bone = -1
bind/34/pose = Transform3D(1, 0, 0, 0, 0.38259146, 0.92391765, 0, -0.92391753, 0.3825914, -0.0009289819, -0.3883308, 0.3606868)
bind/35/name = &"Tail 3"
bind/35/bone = -1
bind/35/pose = Transform3D(1, 0, 0, 0, -0.3725171, 0.92802495, 0, -0.9280249, -0.37251726, -0.0009289817, -0.09830416, 0.6006795)
bind/36/name = &"Tail 4"
bind/36/bone = -1
bind/36/pose = Transform3D(1, 0, 0, 0, 0.37046468, 0.92884654, 0, -0.9288465, 0.3704646, -0.000928982, -0.5774717, 0.27946964)
metadata/humanoid_rotation_delta = {
"LeftFoot": Transform3D(-1, -8.4703295e-22, 5.7701103e-22, 5.770111e-22, 7.1054274e-15, -1, 0, -1, -7.1054274e-15, 0, 7.275958e-12, -2.9802322e-08),
"LeftHand": Transform3D(-0.9957017, 2.9802322e-07, 0.09261402, 5.9604645e-08, 0.99999976, -1.9986182e-06, -0.09261402, -2.049841e-06, -0.99570185, -1.4901161e-08, 0, 0),
"LeftLowerArm": Transform3D(-0.09261489, -1.9585714e-06, -0.9957021, 2.9802322e-08, 1, -1.905486e-06, 0.9957019, -1.1920929e-07, -0.09261488, 0, 0, 1.4901161e-08),
"LeftShoulder": Transform3D(0.9838203, -3.874302e-07, -0.17915742, 3.5762787e-07, 1, -7.450581e-09, 0.17915748, -3.7252903e-09, 0.9838205, 0, 0, 0),
"LeftUpperArm": Transform3D(-0.99974525, -6.556511e-07, -0.022566594, -5.662441e-07, 1, -1.9930303e-07, 0.02256658, -2.644956e-07, -0.9997453, 0, 0, 0),
"LeftUpperLeg": Transform3D(-1, -8.4703295e-22, 1.509958e-07, 0, 1, 7.1054274e-15, -1.509958e-07, 7.1054274e-15, -1, 0, 2.9802322e-08, 7.275958e-12),
"Lower Leg L ": Transform3D(-1, -8.4703295e-22, 5.7701103e-22, 0, 1, 7.1054274e-15, 5.770111e-22, 7.1054274e-15, -1, 0, 2.9802322e-08, 7.275958e-12),
"RightFoot": Transform3D(-1, -8.4703295e-22, 5.7701103e-22, 5.770111e-22, 7.1054274e-15, -1, 0, -1, -7.1054274e-15, 0, 7.275958e-12, -2.9802322e-08),
"RightHand": Transform3D(-0.9957017, -2.9802322e-07, -0.09261402, -5.9604645e-08, 0.99999976, -1.9986182e-06, 0.09261402, -2.049841e-06, -0.99570185, 1.4901161e-08, 0, 0),
"RightLowerArm": Transform3D(-0.09261489, 1.9585714e-06, 0.9957021, -2.9802322e-08, 1, -1.905486e-06, -0.9957019, -1.1920929e-07, -0.09261488, 0, 0, 1.4901161e-08),
"RightShoulder": Transform3D(0.9838203, 3.874302e-07, 0.17915742, -3.5762787e-07, 1, -7.450581e-09, -0.17915748, -3.7252903e-09, 0.9838205, 0, 0, 0),
"RightUpperArm": Transform3D(-0.99974525, 6.556511e-07, 0.022566594, 5.662441e-07, 1, -1.9930303e-07, -0.02256658, -2.644956e-07, -0.9997453, 0, 0, 0),
"RightUpperLeg": Transform3D(-1, -8.4703295e-22, 1.509958e-07, 0, 1, 7.1054274e-15, -1.509958e-07, 7.1054274e-15, -1, 0, 2.9802322e-08, 7.275958e-12),
"Root": Transform3D(1, 0, 0, 0, -1.1920929e-07, 0.99999994, 0, -0.99999994, -1.1920929e-07, 0, 0, 0)
}
